21
20 70 15 5 0 1
20 77 13 4 0 1
390 75 20 60 0 1
490 75  20 15 0 1
550 120 25 15 0 1
410 150 30 15 0 1
490 200 35 15 0 1
550 245 40 15 0 1
430 290 180 15 0 1
410 355 180 15 0 1
410 440 40 15 -5 5
270 240 100 15 0 1
240 120 150 15 0 1
140 200 25 15 -5 4
30 250 25 15 5 4
140 310 25 15 -5 4
50 355 180 15 0 1 
30 420 40 15 5 5
0 420 30 15 1 1
0 102 100 15 0 1  
0 460 640 20 0 1
4
220 120 20 65
410 290 20 65
30 355 20 65
590 355 20 65
40 75 50 25
0 62 20 40
2
495 65 10 10
310 230 10 10
2
80 80 
320 440
640 480